Riiswalker
https://d2gunsmith.com/w/108221785?s=1047830412,791862061,2039302152,2450788523,2697220197,0
https://d2gunsmith.com/w/108221785?s=1047830412,791862061,2039302152,591790007,2697220197,0
https://d2gunsmith.com/w/108221785?s=1047830412,791862061,2039302152,591790007,2697220197,0
https://d2gunsmith.com/w/108221785?s=1047830412,791862061,2039302152,591790007,2697220197,0
https://d2gunsmith.com/w/108221785?s=4090651448,791862061,706527188,2450788523,2697220197,0
https://d2gunsmith.com/w/108221785?s=4090651448,791862061,706527188,2450788523,2697220197,0
https://d2gunsmith.com/w/108221785?s=4090651448,791862061,2039302152,591790007,2697220197,0

Ignition Code
https://d2gunsmith.com/w/304659313?s=3798852852,0,3161816588,1546637391,384158423,0
https://d2gunsmith.com/w/304659313?s=3798852852,0,3161816588,4104185692,384158423,0
https://d2gunsmith.com/w/304659313?s=3798852852,0,2010801679,4104185692,384158423,0
https://d2gunsmith.com/w/304659313?s=3798852852,0,2010801679,1546637391,384158423,0

Chroma Rush
https://d2gunsmith.com/w/1119734784?s=0,0,1820235745,3425386926,0,0
https://d2gunsmith.com/w/1119734784?s=0,0,1820235745,3592538738,0,0
https://d2gunsmith.com/w/1119734784?s=0,0,1820235745,2726471870,0,0
https://d2gunsmith.com/w/1119734784?s=0,0,2779035018,1015611457,0,0
https://d2gunsmith.com/w/1119734784?s=0,0,2946784966,1015611457,0,0
https://d2gunsmith.com/w/1119734784?s=0,0,588594999,1015611457,0,0
https://d2gunsmith.com/w/1119734784?s=0,0,1570042021,1015611457,0,0
https://d2gunsmith.com/w/1119734784?s=0,0,1359896290,1015611457,0,0

Empty Vessel
https://d2gunsmith.com/w/4255586669?s=1441682018,0,2010801679,1546637391,384158423,0
https://d2gunsmith.com/w/4255586669?s=3798852852,0,2010801679,1546637391,384158423,0
https://d2gunsmith.com/w/4255586669?s=3525010810,0,2010801679,1546637391,384158423,0

Hung Jury
https://d2gunsmith.com/w/4281371574?s=0,0,1820235745,3824105627,0,0
https://d2gunsmith.com/w/4281371574?s=0,0,247725512,3038247973,0,0
https://d2gunsmith.com/w/4281371574?s=0,0,4252909580,3038247973,0,0
https://d2gunsmith.com/w/4281371574?s=0,0,588594999,2551157718,0,0
